11 11

0 0 0 0.01 0.01 0.01 0.01 0.01 0 0 0
0 0.01 0.01 0.01 0.01 0.01 0.01 0.01 0.01 0.01 0
0 0.01 0.01 0.01 0.01 0.01 0.01 0.01 0.01 0.01 0
0.01 0.01 0.01 0.01 0.01 0.01 0.01 0.01 0.01 0.01 0.01
0.01 0.01 0.01 0.01 0.01 0.01 0.01 0.01 0.01 0.01 0.01
0.01 0.01 0.01 0.01 0.01 0.01 0.01 0.01 0.01 0.01 0.01
0.01 0.01 0.01 0.01 0.01 0.01 0.01 0.01 0.01 0.01 0.01
0.01 0.01 0.01 0.01 0.01 0.01 0.01 0.01 0.01 0.01 0.01
0 0.01 0.01 0.01 0.01 0.01 0.01 0.01 0.01 0.01 0
0 0.01 0.01 0.01 0.01 0.01 0.01 0.01 0.01 0.01 0
0 0 0 0.01 0.01 0.01 0.01 0.01 0 0 0